light maxmum times
BJD 2457000+ cycle	o-c£¨d£©	error

superoutburst 1
-----------------------------------------
1757.33782 	0	-0.00022 	0.00103 
1757.42417 	1	0.00647 	0.00532 
1757.50615 	2	0.00878 	0.00160 
1757.58700 	3	0.00997 	0.00313 
1757.66617 	4	0.00947 	0.00360 
1757.74694 	5	0.01058 	0.00362 
1757.82857 	6	0.01255 	0.00251 
1757.91174 	7	0.01606 	0.00182 
1757.99213 	8	0.01678 	0.00214 
1758.07218 	9	0.01717 	0.00279 
1758.15200 	10	0.01732 	0.00079 
1758.23265 	11	0.01830 	0.00136 
1758.31106 	12	0.01706 	0.00240 
1758.39227 	13	0.01860 	0.00077 
1758.47124 	14	0.01791 	0.00093 
1758.55117 	15	0.01817 	0.00093 
1758.63061 	16	0.01794 	0.00093 
1758.71142 	17	0.01909 	0.00220 
1758.79078 	18	0.01879 	0.00090 
1758.87153 	19	0.01988 	0.00408 
1758.95142 	20	0.02010 	0.00286 
1759.02990 	21	0.01892 	0.00171 
1759.10977 	22	0.01912 	0.00411 
1759.18973 	23	0.01942 	0.00181 
1759.27016 	24	0.02019 	0.00201 
1759.34954 	25	0.01990 	0.00106 
1759.42854 	26	0.01924 	0.00093 
1759.50817 	27	0.01920 	0.00108 
1759.58834 	28	0.01971 	0.00078 
1759.66991 	29	0.02162 	0.00156 
1759.74802 	30	0.02006 	0.00095 
1759.83203 	31	0.02440 	0.00096 
1759.90754 	32	0.02025 	0.00120 
1759.98792 	33	0.02097 	0.00121 
1760.06749 	34	0.02088 	0.00074 
1760.14688 	35	0.02060 	0.00078 
1760.22516 	36	0.01921 	0.00067 
1760.30533 	37	0.01973 	0.00064 
1760.38395 	38	0.01868 	0.00065 
1760.46381 	39	0.01888 	0.00050 
1760.54356 	40	0.01896 	0.00054 
1760.62480 	41	0.02053 	0.00272 
1760.70320 	42	0.01927 	0.00105 
1760.78482 	43	0.02123 	0.00060 
1760.86309 	44	0.01983 	0.00124 
1760.94205 	45	0.01913 	0.00088 
1761.02355 	46	0.02097 	0.00073 
1761.10251 	47	0.02026 	0.00117 
1761.18195 	48	0.02003 	0.00095 
1761.26069 	49	0.01912 	0.00109 
1761.34287 	50	0.02163 	0.01458 
1761.42450 	51	0.02360 	0.00165 
1761.50087 	52	0.02030 	0.00067 
1761.58190 	53	0.02167 	0.00082 
1761.66463 	54	0.02474 	0.00170 
1761.74041 	55	0.02085 	0.00183 
1761.82006 	56	0.02084 	0.00294 
1761.89955 	57	0.02066 	0.00090 
1761.99580 	58	0.02066 	0.00065 
1762.06015 	59	0.02193 	0.00073 
1762.13821 	60	0.02033 	0.00082 
1762.21564 	61	0.01810 	0.00054 
1762.29677 	62	0.01957 	0.00063 
1762.37498 	63	0.01811 	0.00093 
1762.45505 	64	0.01852 	0.00081 
------------------------------------

superoutburst 2
------------------------------------
2912.74834 	0	0.00000 	0.00042 
2912.82739 	1	-0.00061 	0.00015 
2912.90770 	2	0.00004 	0.00025 
2912.99005 	3	0.00272 	0.00039 
2913.07082 	4	0.00382 	0.00090 
2913.15048 	5	0.00382 	0.00075 
2913.22949 	6	0.00317 	0.00048 
2913.31023 	7	0.00425 	0.00067 
2913.39056 	8	0.00491 	0.00173 
2913.46975 	9	0.00444 	0.00110 
2913.54949 	10	0.00451 	0.00149 
2913.63094 	11	0.00630 	0.00153 
2913.71065 	12	0.00635 	0.00242 
2913.78991 	13	0.00594 	0.00061 
2913.87048 	14	0.00685 	0.00297 
2913.94843 	15	0.00513 	0.00224 
2914.02717 	16	0.00421 	0.00156 
2914.10830 	17	0.00568 	0.00172 
2914.18685 	18	0.00456 	0.00170 
2914.26596 	19	0.00401 	0.00146 
2914.34729 	20	0.00567 	0.00090 
2914.42766 	21	0.00638 	0.00306 
2914.50940 	22	0.00846 	0.00649 
2914.58467 	23	0.00406 	0.00079 
2914.66518 	24	0.00491 	0.00298 
2914.74536 	25	0.00543 	0.00115 
2914.82544 	26	0.00584 	0.00311 
2914.90340 	27	0.00413 	0.00137 
2914.98139 	28	0.00246 	0.00048 
2915.06405 	29	0.00546 	0.00138 
2915.14317 	30	0.00492 	0.00098 
2915.21905 	31	0.00113 	0.00039 
2915.30279 	32	0.00521 	0.00119 
2915.38081 	33	0.00356 	0.00123 
2915.46101 	34	0.00410 	0.00090 
2915.54050 	35	0.00392 	0.00037 
2915.61952 	36	0.00328 	0.00113 
2915.69759 	37	0.00168 	0.00053 
2915.77781 	38	0.00224 	0.00083 
2915.86022 	39	0.00499 	0.00110 
2915.93769 	40	0.00280 	0.00053 
2916.01647 	41	0.00191 	0.00068 
2916.09747 	42	0.00325 	0.00064 
2916.17671 	43	0.00282 	0.00062 
2916.25465 	44	0.00109 	0.00055 
2916.33351 	45	0.00030 	0.00078 
2916.41425 	46	0.00137 	0.00054 
2916.49204 	47	-0.00051 	0.00061 
2916.57292 	48	0.00071 	0.00041 
2916.64854 	49	-0.00334 	0.00067 
2917.05143 	54	0.00123 	0.00026 
2917.12907 	55	-0.00079 	0.00040 
2917.21095 	56	0.00143 	0.00042 
2917.28977 	57	0.00059 	0.00039 
2917.44857 	59	0.00006 	0.00042 
2917.52200 	60	-0.00617 	0.00063 
2917.60632 	61	-0.00152 	0.00055 
2917.68505 	62	-0.00245 	0.00063 
2917.76495 	63	-0.00222 	0.00067 
2917.84455 	64	-0.00228 	0.00183 
2917.92216 	65	-0.00434 	0.00093 
2918.00196 	66	-0.00420 	0.00042 
2918.08181 	67	-0.00401 	0.00081 
2918.16277 	68	-0.00271 	0.00065 
2918.24217 	69	-0.00298 	0.00037 
2918.31909 	70	-0.00573 	0.00092 
2918.40132 	71	-0.00316 	0.00040 
2918.47703 	72	-0.00711 	0.00205 
2918.55995 	73	-0.00386 	0.00158 
2918.63252 	74	-0.01095 	0.00288 
2918.71485 	75	-0.00829 	0.00268 
2918.78546 	76	-0.01734 	0.00259 
2918.87599 	77	-0.00647 	0.00471 
2918.95471 	78	-0.00742 	0.00212 
2919.03505 	79	-0.00674 	0.00366 
2919.11347 	80	-0.00799 	0.00684 
2919.18812 	81	-0.01300 	0.00105 
2919.27224 	82	-0.00854 	0.01159 
2919.35095 	83	-0.00950 	0.00419 
2919.43211 	84	-0.00800 	0.00299 
2919.50285 	85	-0.01693 	0.01054 
2919.58795 	86	-0.01149 	0.00212 
2919.66778 	87	-0.01133 	0.00289 
2919.74583 	88	-0.01293 	0.01469 
2919.82534 	89	-0.01309 	0.00552 
2919.90480 	90	-0.01329 	0.00300 
2919.98314 	91	-0.01462 	0.00087 
2920.06320 	92	-0.01422 	0.00097 
2920.14940 	93	-0.00769 	0.00916 
2920.22409 	94	-0.01267 	0.02156 
2920.28884 	95	-0.02757 	0.00203 
2920.38505 	96	-0.01103 	0.00084 
2920.43449 	96	0.03841 	0.00107 
2920.53719 	98	-0.01822 	0.00209 
2920.61691 	99	-0.01816 	0.00084 
2920.70053 	100	-0.01421 	0.00338 
2920.77324 	101	-0.02116 	0.00113 
2920.85616 	102	-0.01791 	0.00091 
2920.93215 	103	-0.02158 	0.00061 
--------------------------------------
			
			
			
			
			
			
			
			
			
			
			
			
			
			
			
			
			
			
			
			
			
			